853
400
172
610
035
610
414
206
118
998
306
751
833
485
424
841
411
403
180
798
637
212
060
229
004
029
103
007
532
370
707
612
806
220
412
367
792
520
749
498
884
149
427
748
544
221
471
411
119
248
798
326
065
927
581
311
300
251
818
298
059
330
331
800
230
417
103
220
710
999
325
151
100
983
204
464
400
012
208
360
121
426
409
175
318
206
543
110
100
795
958
800
429
267
330
133
695
330
187
989
541
311
404
500
732
212
713
299
256
029
103
270
132
323
376
332
851
190
552
153
400
256
320
003
870
460
532
561
180
190
749
106
952
363
253
503
047
494
140
799
800
902
498
721
499
336
772
513
077
980
034
397
495
335
394
384
627
711
231
804
102
400
190
013
846
538
121
100
442
437
728
404
759
039
300
730
108
275
773
386
455
487
219
197
330
731
451
982
608
220
585
579
130
357
