04
47
10
27
04
26
50
67
71
31
49
70
15
93
71
71
31
47
80
30
81
71
31
75
94
54
90
54
45
34
41
31
40
47
60
85
70
04
80
30
80
15
60
40
65
93
09
47
08
94
01
85
35
01
40
54
41
44
91
30
45
44
53
41
47
20
41
47
41
31
00
54
41
31
51
61
42
50
60
85
44
93
41
60
01
54
80
30
59
85
20
41
30
93
44
85
01
35
44
02
85
34
91
41
70
76
71
80
00
20
41
65
51
71
30
61
04
04
30
54
41
81
85
54
20
04
50
06
80
43
80
25
50
15
80
91
71
01
87
03
41
30
30
40
30
44
45
78
05
80
80
15
02
44
25
30
80
41
30
71
92
47
81
60
04
50
65
01
25
81
01
47
81
45
43
92
88
04
40
60
20
40
41
03
44
60
50
03
35
10
15
03
54
61
