536560764
881200201
886490220
512470001
608598160
661416997
660445446
793760763
606998980
503746550
796800070
604259162
515073865
501323835
533408984
691228840
601437073
535235855
500069838
503162055
502837240
221191884
603741607
600313936
609203610
722545222
604250969
695501042
692220555
606333307
723659868
501181819
790787678
504332032
791614807
504047379
505964322
693858255
606918100
530763706
662120489
506506767
607300023
664859760
664299136
505427111
665595747
606398351
607042227
506056876
500650907
506621804
604964518
605294187
600576643
502182049
693839239
609499848
600027402
602102158
883287498
881216830
503790332
507352284
519532601
607240646
523629150
608578380
535275537
601721392
501306403
508136540
730503398
513193618
601220156
606701663
607430944
501080001
510065862
507495496
533583555
888288830
509347006
503504506
608689465
600680082
509607423
660707790
669793888
669310033
665335265
604273633
508560858
691456403
663242539
515133502
691250757
515249308
517955550
539297517