514275451
507713258
500069039
795525502
607475620
536560764
881200201
886490220
512470001
608598160
661416997
660445446
793760763
606998980
503746550
796800070
604259162
515073865
501323835
533408984
691228840
601437073
535235855
500069838
503162055
502837240
221191884
603741607
600313936
609203610
722545222
604250969
695501042
692220555
606333307
723659868
501181819
790787678
504332032
791614807
504047379
505964322
693858255
606918100
530763706
662120489
506506767
607300023
664859760
664299136
505427111
665595747
606398351
607042227
506056876
500650907
506621804
604964518
605294187
600576643
502182049
693839239
609499848
600027402
602102158
883287498
881216830
503790332
507352284
519532601
607240646
523629150
608578380
535275537
601721392
501306403
508136540
730503398
513193618
601220156
606701663
607430944
501080001
510065862
507495496
533583555
888288830
509347006
503504506
608689465
600680082
509607423
660707790
669793888
669310033
665335265
604273633
508560858
691456403
663242539
515133502
691250757
515249308
517955550
539297517
509613899
605248272
668679820
668377037
605640011
601942073
504503303
516041536
501637017
790777525
502464683
785642608
695920025
501068411
501324403
501488956
660533733
663937621
604837073
669588395
696969566
506532362
516058452
515210255
605543278
668844847
509480733
605450787
795616313
692928133
533114503
609282607
883920021
602773409
793253888
532638806
500600807
502061624
696912999
502087909
605612433
513135315
517829639
501268526
530835997
502708637
607770233
501580521
601225903
660486746
505057222
795616313
691540712
732827898
730501515
667711252
601465123
606741264
694580441
791777850
668507429
501541808
508131571
667706022
784811482
508419327
791852102
503818749
601722779
501160168
512473778
605269124
660768988
606453187
513333027
889966521
668335292
606399974
502570676
697707028
536543565
501011539
798612664
501820542
698753211
601591494
794725510
663646580
508235810
693385015
792355481
504320887
607307448
537733203
664727515
519722630
660538699
602198651
501375770
600152430
509367724
696493949
691749032
608300143
881409204
606612957
508961938
721665655
519411797