660533733
663937621
604837073
669588395
696969566
506532362
516058452
515210255
605543278
668844847
509480733
605450787
795616313
692928133
533114503
609282607
883920021
602773409
793253888
532638806
500600807
502061624
696912999
502087909
605612433
513135315
517829639
501268526
530835997
502708637
607770233
501580521
601225903
660486746
505057222
795616313
691540712
732827898
730501515
667711252
601465123
606741264
694580441
791777850
668507429
501541808
508131571
667706022
784811482
508419327
791852102
503818749
601722779
501160168
512473778
605269124
660768988
606453187
513333027
889966521
668335292
606399974
502570676
697707028
536543565
501011539
798612664
501820542
698753211
601591494
794725510
663646580
508235810
693385015
792355481
504320887
607307448
537733203
664727515
519722630
660538699
602198651
501375770
600152430
509367724
696493949
691749032
608300143
881409204
606612957
508961938
721665655
519411797