602477347
665390130
519729550
504182779
602665334
505605645
601152038
601580579
506666888
509634686
691646362
502168100
885474730
508000022
602107777
600382151
506084772
602194117
607145225
698542218
604271597
602183169
513644600
505550500
790300174
793413139
508361966
225076198
660709177
500373829
791791061
601664694
516346750
500035843
601518702
603835510
609871361
662438887
728472740
536077132
793009041
728280774
604891714
605960709
661108349
607971415
503932435
696477889
725557882
501012861
609687028
888117066
601942073
607760075
505012914
667716690
663584854
792787185
600486097
728338217
794989990
774573090
601887062
536241462
519411797
576308922
666508708
504818558
602281868
603705403
575302766
536853415
730318891
606622736
604675669
509956076
604289204
505388922
502164835
792268791
791971706
694649880
511622444
798263795
888555318
664025537
